nx_glob, nz_glob: 400 200
dx,dz: 50.000000 50.000000
dt: 0.166667
Total main time step loop: 0.753670 sec
d_mass: 2.929889e-14
d_te:   -5.199325e-06
d_mass: 2.929889e-14
d_te:   -5.199325e-06
