Data type in bytes: 8
 NRepetitions=100 N=7 cubN=15 Nelements=8000 elapsed time=6.04274e+06 GDOF/s=0.454099
Checksum=3.29805e+13
