warm up iteration is enabled
niters = 1
nsteps = 1000
ldimx: 356, ldimy: 348, ldimz: 352
ndamp = 27 27 27
grid = 340 340 340
Checksum: min_u,  max_u = -71.111732, 37.468666
ldimx: 356, ldimy: 348, ldimz: 352
ndamp = 27 27 27
grid = 340 340 340
Checksum: min_u,  max_u = -71.111732, 37.468666
Average kernel time per iteration: 0.730318 s
Average modeling time per iteration: 0.735582 s
