Data type in bytes: 8
Checksum=3.62743e+13
 NRepetitions=100 N=7 cubN=15 Nelements=8000 elapsed time=8.4862e+07 GDOF/s=0.0323348
