nx_glob, nz_glob: 400 200
dx,dz: 50.000000 50.000000
dt: 0.166667
Total main time step loop: 1.314076 sec
d_mass: -6.445756e-15
d_te:   -5.199325e-06
d_mass: -6.445756e-15
d_te:   -5.199325e-06
