nx_glob, nz_glob: 400 200
dx,dz: 50.000000 50.000000
dt: 0.166667
Total main time step loop: 1.320597 sec
d_mass: -1.269619e-14
d_te:   -5.199325e-06
d_mass: -1.269619e-14
d_te:   -5.199325e-06
